# RVE Size
0.06
# Particle List
# type  radius  thickness rotation  xCent  yCent  zCent  matCode
# Particle 0
1 0.002875 0.00015 0.0 0.0428443 0.0098101 0.0 0
# Particle 1
1 0.002875 0.00015 0.0 0.0158176 0.0527668 0.0 0
# Particle 2
1 0.002875 0.00015 0.0 0.0509788 0.0022955 0.0 0
# Particle 3
1 0.002875 0.00015 0.0 0.0509788 0.0622955 0.0 0
# Particle 4
1 0.002875 0.00015 0.0 0.0220746 0.0269227 0.0 0
# Particle 5
1 0.002875 0.00015 0.0 0.0227505 0.0182502 0.0 0
# Particle 6
1 0.002875 0.00015 0.0 0.0400003 0.0319918 0.0 0
# Particle 7
1 0.002875 0.00015 0.0 0.0250796 0.0579657 0.0 0
# Particle 8
1 0.002875 0.00015 0.0 0.0250796 -0.0020343 0.0 0
# Particle 9
1 0.002875 0.00015 0.0 0.0519924 0.0417474 0.0 0
# Particle 10
1 0.002875 0.00015 0.0 0.0151514 0.0038468 0.0 0
# Particle 11
1 0.002875 0.00015 0.0 0.0377611 -0.0020995 0.0 0
# Particle 12
1 0.002875 0.00015 0.0 0.0377611 0.0579005 0.0 0
# Particle 13
1 0.002875 0.00015 0.0 0.0492074 0.0187493 0.0 0
# Particle 14
1 0.002875 0.00015 0.0 0.0027048 -0.0009067 0.0 0
# Particle 15
1 0.002875 0.00015 0.0 0.0627048 -0.0009067 0.0 0
# Particle 16
1 0.002875 0.00015 0.0 0.0627048 0.0590933 0.0 0
# Particle 17
1 0.002875 0.00015 0.0 0.0027048 0.0590933 0.0 0
# Particle 18
1 0.002875 0.00015 0.0 0.045349 0.05343 0.0 0
# Particle 19
1 0.002875 0.00015 0.0 0.0098078 0.0569471 0.0 0
# Particle 20
1 0.002875 0.00015 0.0 0.0213656 0.0029077 0.0 0
# Particle 21
1 0.002875 0.00015 0.0 0.0044593 0.0268826 0.0 0
# Particle 22
1 0.002625 0.00015 0.0 0.0384485 0.0491815 0.0 0
# Particle 23
1 0.002625 0.00015 0.0 0.0303395 0.0545871 0.0 0
# Particle 24
1 0.002625 0.00015 0.0 0.0262827 0.023139 0.0 0
# Particle 25
1 0.002625 0.00015 0.0 0.004779 0.0109576 0.0 0
# Particle 26
1 0.002625 0.00015 0.0 0.023257 0.0500776 0.0 0
# Particle 27
1 0.002625 0.00015 0.0 0.028158 0.0344418 0.0 0
# Particle 28
1 0.002625 0.00015 0.0 0.0276207 0.0061111 0.0 0
# Particle 29
1 0.002625 0.00015 0.0 0.0525029 0.0478289 0.0 0
# Particle 30
1 0.002625 0.00015 0.0 0.0349041 0.0130702 0.0 0
# Particle 31
1 0.002625 0.00015 0.0 0.0316831 0.0024213 0.0 0
# Particle 32
1 0.002625 0.00015 0.0 0.0316831 0.0624213 0.0 0
# Particle 33
1 0.002625 0.00015 0.0 0.0553317 0.0542526 0.0 0
# Particle 34
1 0.002625 0.00015 0.0 0.0586779 0.0140548 0.0 0
# Particle 35
1 0.002625 0.00015 0.0 -0.0013221 0.0140548 0.0 0
# Particle 36
1 0.002625 0.00015 0.0 0.0502805 0.0305031 0.0 0
# Particle 37
1 0.002625 0.00015 0.0 0.043417 0.060711 0.0 0
# Particle 38
1 0.002625 0.00015 0.0 0.043417 0.000711 0.0 0
# Particle 39
1 0.002625 0.00015 0.0 0.0567167 0.0286119 0.0 0
# Particle 40
1 0.002625 0.00015 0.0 0.0575325 0.0421762 0.0 0
# Particle 41
1 0.002625 0.00015 0.0 -0.0024675 0.0421762 0.0 0
# Particle 42
1 0.002375 0.00015 0.0 0.0118606 0.0155729 0.0 0
# Particle 43
1 0.002375 0.00015 0.0 0.04326 0.0417233 0.0 0
# Particle 44
1 0.002375 0.00015 0.0 0.0186687 0.0431253 0.0 0
# Particle 45
1 0.002375 0.00015 0.0 0.0071196 0.0401666 0.0 0
# Particle 46
1 0.002375 0.00015 0.0 0.0309762 0.0433396 0.0 0
# Particle 47
1 0.002375 0.00015 0.0 0.0105134 0.0485297 0.0 0
# Particle 48
1 0.002375 0.00015 0.0 -0.0008112 0.0197878 0.0 0
# Particle 49
1 0.002375 0.00015 0.0 0.0591888 0.0197878 0.0 0
# Particle 50
1 0.002375 0.00015 0.0 0.0288456 0.0482629 0.0 0
# Particle 51
1 0.002375 0.00015 0.0 0.0444054 0.0365434 0.0 0
# Particle 52
1 0.002375 0.00015 0.0 0.0612492 0.0315548 0.0 0
# Particle 53
1 0.002375 0.00015 0.0 0.0012492 0.0315548 0.0 0
# Particle 54
1 0.002375 0.00015 0.0 0.01472 0.0232725 0.0 0
# Particle 55
1 0.002375 0.00015 0.0 0.0099342 0.0055236 0.0 0
# Particle 56
1 0.002375 0.00015 0.0 0.0117835 0.0328698 0.0 0
# Particle 57
1 0.002375 0.00015 0.0 0.0604239 0.0060653 0.0 0
# Particle 58
1 0.002375 0.00015 0.0 0.0004239 0.0060653 0.0 0
# Particle 59
1 0.002375 0.00015 0.0 0.0227377 0.0364886 0.0 0
# Particle 60
1 0.002375 0.00015 0.0 0.0447962 0.0261529 0.0 0
# Particle 61
1 0.002125 0.00015 0.0 0.0070353 0.0330716 0.0 0
# Particle 62
1 0.002125 0.00015 0.0 0.0061042 0.0457998 0.0 0
# Particle 63
1 0.002125 0.00015 0.0 0.0329353 0.0384456 0.0 0
# Particle 64
1 0.002125 0.00015 0.0 0.0174506 0.0120551 0.0 0
# Particle 65
1 0.002125 0.00015 0.0 0.0367323 0.018154 0.0 0
# Particle 66
1 0.002125 0.00015 0.0 0.0365223 0.0271831 0.0 0
# Particle 67
1 0.002125 0.00015 0.0 0.0068536 0.015508 0.0 0
# Particle 68
1 0.002125 0.00015 0.0 0.0322711 0.0238358 0.0 0
# Particle 69
1 0.002125 0.00015 0.0 0.0603044 0.0493632 0.0 0
# Particle 70
1 0.002125 0.00015 0.0 0.0003044 0.0493632 0.0 0
# Particle 71
1 0.002125 0.00015 0.0 0.0361479 0.0064301 0.0 0
# Particle 72
1 0.002125 0.00015 0.0 0.0270344 0.0138472 0.0 0
# Particle 73
1 0.002125 0.00015 0.0 0.0094005 0.0256198 0.0 0
# Particle 74
1 0.002125 0.00015 0.0 0.0302229 0.0279489 0.0 0
# Particle 75
1 0.002125 0.00015 0.0 0.0166159 0.0174971 0.0 0
# Particle 76
1 0.002125 0.00015 0.0 0.056037 0.0608968 0.0 0
# Particle 77
1 0.002125 0.00015 0.0 0.056037 0.0008968 0.0 0
# Particle 78
1 0.002125 0.00015 0.0 0.034529 0.0324191 0.0 0
# Particle 79
1 0.002125 0.00015 0.0 0.043488 0.0473576 0.0 0
# Particle 80
1 0.002125 0.00015 0.0 0.0503435 0.0355012 0.0 0
# Particle 81
1 0.002125 0.00015 0.0 0.0159765 0.0306054 0.0 0
# Particle 82
1 0.002125 0.00015 0.0 0.0236115 0.0432761 0.0 0
# Particle 83
1 0.002125 0.00015 0.0 0.0478718 0.0114924 0.0 0
# Particle 84
1 0.002125 0.00015 0.0 0.0120024 0.043922 0.0 0
# Particle 85
1 0.002125 0.00015 0.0 0.0098122 0.0101382 0.0 0
# Particle 86
1 0.002125 0.00015 0.0 0.0533934 0.0081258 0.0 0
# Particle 87
1 0.001875 0.00015 0.0 0.0412997 0.0204824 0.0 0
# Particle 88
1 0.001875 0.00015 0.0 0.0355238 0.0529507 0.0 0
# Particle 89
1 0.001875 0.00015 0.0 0.0355911 0.0444935 0.0 0
# Particle 90
1 0.001875 0.00015 0.0 0.0055506 0.0534166 0.0 0
# Particle 91
1 0.001875 0.00015 0.0 0.0244423 0.0312473 0.0 0
# Particle 92
1 0.001875 0.00015 0.0 0.0124709 0.0394141 0.0 0
# Particle 93
1 0.001875 0.00015 0.0 0.0177936 0.0387531 0.0 0
# Particle 94
1 0.001875 0.00015 0.0 0.0547985 0.0376095 0.0 0
# Particle 95
1 0.001875 0.00015 0.0 0.0201593 0.0085036 0.0 0
# Particle 96
1 0.001875 0.00015 0.0 0.0234289 0.0114901 0.0 0
# Particle 97
1 0.001875 0.00015 0.0 0.0032963 0.0184655 0.0 0
# Particle 98
1 0.001875 0.00015 0.0 0.0063397 0.0220929 0.0 0
# Particle 99
1 0.001875 0.00015 0.0 0.0538949 0.0234985 0.0 0
# Particle 100
1 0.001875 0.00015 0.0 0.0047394 0.0040793 0.0 0
# Particle 101
1 0.001875 0.00015 0.0 -0.0006358 0.0243336 0.0 0
# Particle 102
1 0.001875 0.00015 0.0 0.0593642 0.0243336 0.0 0
# Particle 103
1 0.001875 0.00015 0.0 0.000227 0.0383395 0.0 0
# Particle 104
1 0.001875 0.00015 0.0 0.060227 0.0383395 0.0 0
# Particle 105
1 0.001875 0.00015 0.0 0.0003662 0.0539694 0.0 0
# Particle 106
1 0.001875 0.00015 0.0 0.0603662 0.0539694 0.0 0
# Particle 107
1 0.001875 0.00015 0.0 0.0187492 0.0336088 0.0 0
# Particle 108
1 0.001875 0.00015 0.0 0.0108797 0.020056 0.0 0
# Particle 109
1 0.001875 0.00015 0.0 0.047661 -0.001584 0.0 0
# Particle 110
1 0.001875 0.00015 0.0 0.047661 0.058416 0.0 0
# Particle 111
1 0.001875 0.00015 0.0 0.0543411 0.0184199 0.0 0
# Particle 112
1 0.001875 0.00015 0.0 0.0155731 -0.0016616 0.0 0
# Particle 113
1 0.001875 0.00015 0.0 0.0155731 0.0583384 0.0 0
# Particle 114
1 0.001875 0.00015 0.0 0.0275651 0.0187463 0.0 0
# Particle 115
1 0.001875 0.00015 0.0 0.0317463 0.0171743 0.0 0
# Particle 116
1 0.001875 0.00015 0.0 0.0444842 0.0151227 0.0 0
# Particle 117
1 0.001875 0.00015 0.0 0.0513525 0.0567021 0.0 0
# Particle 118
1 0.001875 0.00015 0.0 0.0403184 0.0150401 0.0 0
# Particle 119
1 0.001875 0.00015 0.0 0.0475812 0.0445115 0.0 0
# Particle 120
1 0.001875 0.00015 0.0 0.0502585 0.0527726 0.0 0
# Particle 121
1 0.001875 0.00015 0.0 0.003646 0.036324 0.0 0
# Particle 122
1 0.001875 0.00015 0.0 0.027566 0.0396061 0.0 0
# Particle 123
1 0.001875 0.00015 0.0 0.0394527 0.0040187 0.0 0
# Particle 124
1 0.001625 0.00015 0.0 0.0369051 0.0382628 0.0 0
# Particle 125
1 0.001625 0.00015 0.0 0.0016535 0.0438066 0.0 0
# Particle 126
1 0.001625 0.00015 0.0 0.032887 0.0494705 0.0 0
# Particle 127
1 0.001625 0.00015 0.0 0.0570616 0.0466328 0.0 0
# Particle 128
1 0.001625 0.00015 0.0 0.048993 0.0261208 0.0 0
# Particle 129
1 0.001625 0.00015 0.0 0.0188438 0.0476144 0.0 0
# Particle 130
1 0.001625 0.00015 0.0 0.0075497 0.0610321 0.0 0
# Particle 131
1 0.001625 0.00015 0.0 0.0075497 0.0010321 0.0 0
# Particle 132
1 0.001625 0.00015 0.0 0.0391332 0.0435401 0.0 0
# Particle 133
1 0.001625 0.00015 0.0 0.018669 0.0213478 0.0 0
# Particle 134
1 0.001625 0.00015 0.0 0.0517971 0.0143798 0.0 0
# Particle 135
1 0.001625 0.00015 0.0 0.0431977 0.0050382 0.0 0
# Particle 136
1 0.001625 0.00015 0.0 0.0363406 0.0225275 0.0 0
# Particle 137
1 0.001625 0.00015 0.0 0.0560434 0.0331515 0.0 0
# Particle 138
1 0.001625 0.00015 0.0 0.0156114 0.035842 0.0 0
# Particle 139
1 0.001625 0.00015 0.0 0.0465729 0.0331079 0.0 0
# Particle 140
1 0.001625 0.00015 0.0 0.0149298 0.0088228 0.0 0
# Particle 141
1 0.001625 0.00015 0.0 0.0197371 0.0577535 0.0 0
# Particle 142
1 0.001625 0.00015 0.0 0.0212883 0.054287 0.0 0
# Particle 143
1 0.001625 0.00015 0.0 0.0399678 0.0246957 0.0 0
# Particle 144
1 0.001625 0.00015 0.0 0.0472532 0.0076295 0.0 0
# Particle 145
1 0.001625 0.00015 0.0 0.0307673 0.0093779 0.0 0
# Particle 146
1 0.001625 0.00015 0.0 0.0027081 0.0226169 0.0 0
# Particle 147
1 0.001625 0.00015 0.0 0.0472092 0.0486772 0.0 0
# Particle 148
1 0.001625 0.00015 0.0 0.0133186 0.0271072 0.0 0
# Particle 149
1 0.001625 0.00015 0.0 0.0448605 0.020634 0.0 0
# Particle 150
1 0.001625 0.00015 0.0 0.014572 0.0467762 0.0 0
# Particle 151
1 0.001625 0.00015 0.0 0.0478812 0.0392618 0.0 0
# Particle 152
1 0.001625 0.00015 0.0 0.0099136 0.036504 0.0 0
# Particle 153
1 0.001625 0.00015 0.0 0.0136035 0.0118433 0.0 0
# Particle 154
1 0.001625 0.00015 0.0 0.0049811 0.0496095 0.0 0
# Particle 155
1 0.001625 0.00015 0.0 0.0380744 0.0101624 0.0 0
# Particle 156
1 0.001625 0.00015 0.0 0.0468381 0.0043132 0.0 0
# Particle 157
1 0.001625 0.00015 0.0 0.0562966 0.0051178 0.0 0
# Particle 158
1 0.001625 0.00015 0.0 0.0401387 0.0532537 0.0 0
# Particle 159
1 0.001625 0.00015 0.0 0.0114439 0.0012178 0.0 0
# Particle 160
1 0.001625 0.00015 0.0 0.0114439 0.0612178 0.0 0
# Particle 161
1 0.001625 0.00015 0.0 0.0543062 0.0122422 0.0 0
# Particle 162
1 0.001625 0.00015 0.0 0.0575995 0.0091383 0.0 0
# Particle 163
1 0.001625 0.00015 0.0 0.0175091 0.0270196 0.0 0
# Particle 164
1 0.001625 0.00015 0.0 0.0401392 0.0373193 0.0 0
# Particle 165
1 0.001375 0.00015 0.0 0.0114052 0.0526663 0.0 0
# Particle 166
1 0.001375 0.00015 0.0 0.0322894 0.0583535 0.0 0
# Particle 167
1 0.001375 0.00015 0.0 0.0029942 0.0147957 0.0 0
# Particle 168
1 0.001375 0.00015 0.0 0.0266058 0.0102219 0.0 0
# Particle 169
1 0.001375 0.00015 0.0 0.0210875 0.0313036 0.0 0
# Particle 170
1 0.001375 0.00015 0.0 0.0263631 0.0278304 0.0 0
# Particle 171
1 0.001375 0.00015 0.0 0.027232 0.0443894 0.0 0
# Particle 172
1 0.001375 0.00015 0.0 0.0259614 0.0534312 0.0 0
# Particle 173
1 0.001375 0.00015 0.0 0.056662 0.0500427 0.0 0
# Particle 174
1 0.001375 0.00015 0.0 0.0588498 0.0349217 0.0 0
# Particle 175
1 0.001375 0.00015 0.0 -0.0011502 0.0349217 0.0 0
# Particle 176
1 0.001375 0.00015 0.0 0.0488223 0.0230516 0.0 0
# Particle 177
1 0.001375 0.00015 0.0 0.0358853 0.0021995 0.0 0
# Particle 178
1 0.001375 0.00015 0.0 0.0294066 0.0587113 0.0 0
# Particle 179
1 0.001375 0.00015 0.0 0.0294066 -0.0012887 0.0 0
# Particle 180
1 0.001375 0.00015 0.0 0.0584147 0.0582035 0.0 0
# Particle 181
1 0.001375 0.00015 0.0 0.0234255 0.0079744 0.0 0
# Particle 182
1 0.001375 0.00015 0.0 0.0213097 0.0140918 0.0 0
# Particle 183
1 0.001375 0.00015 0.0 0.0300187 0.0209705 0.0 0
# Particle 184
1 0.001375 0.00015 0.0 0.0306628 0.0131369 0.0 0
# Particle 185
1 0.001375 0.00015 0.0 0.0217377 0.0402068 0.0 0
# Particle 186
1 0.001375 0.00015 0.0 0.009192 0.0300034 0.0 0
# Particle 187
1 0.001375 0.00015 0.0 0.0258691 0.0023889 0.0 0
# Particle 188
1 0.001375 0.00015 0.0 0.0446 0.030662 0.0 0
# Particle 189
1 0.001375 0.00015 0.0 0.0527334 0.0270849 0.0 0
# Particle 190
1 0.001375 0.00015 0.0 0.0423018 0.0565118 0.0 0
# Particle 191
1 0.001375 0.00015 0.0 0.0149968 0.0417905 0.0 0
# Particle 192
1 0.001375 0.00015 0.0 0.0605018 0.0101657 0.0 0
# Particle 193
1 0.001375 0.00015 0.0 0.0005018 0.0101657 0.0 0
# Particle 194
1 0.001375 0.00015 0.0 0.0034757 0.0412475 0.0 0
# Particle 195
1 0.001375 0.00015 0.0 0.0086585 0.0518968 0.0 0
# Particle 196
1 0.001375 0.00015 0.0 0.040949 0.0277567 0.0 0
# Particle 197
1 0.001375 0.00015 0.0 0.0366856 0.0413007 0.0 0
# Particle 198
1 0.001375 0.00015 0.0 0.0222436 0.0226174 0.0 0
# Particle 199
1 0.001375 0.00015 0.0 0.0337427 0.0201639 0.0 0
# Particle 200
1 0.001375 0.00015 0.0 0.0592706 0.0024235 0.0 0
# Particle 201
1 0.001375 0.00015 0.0 -0.0007294 0.0024235 0.0 0
# Particle 202
1 0.001375 0.00015 0.0 0.0319503 0.0065164 0.0 0
# Particle 203
1 0.001375 0.00015 0.0 0.0062147 0.0071142 0.0 0
# Particle 204
1 0.001375 0.00015 0.0 0.0370502 0.035142 0.0 0
# Particle 205
1 0.001375 0.00015 0.0 0.0076029 0.0189815 0.0 0
# Particle 206
1 0.001375 0.00015 0.0 0.0501605 0.0066541 0.0 0
# Particle 207
1 0.001375 0.00015 0.0 0.0310902 0.0315013 0.0 0
# Particle 208
1 0.001375 0.00015 0.0 0.0252552 0.0465158 0.0 0
# Particle 209
1 0.001375 0.00015 0.0 0.0395596 0.0404004 0.0 0
# Particle 210
1 0.001375 0.00015 0.0 0.0217761 0.0463018 0.0 0
# Particle 211
1 0.001375 0.00015 0.0 0.051408 0.0110586 0.0 0
# Particle 212
1 0.0013612 0.00015 0.0 0.0276136 0.0304281 0.0 0
# Particle 213
1 0.0013612 0.00015 0.0 0.0338559 0.0091094 0.0 0
# Particle 214
1 0.001125 0.00015 0.0 0.0429281 0.017899 0.0 0
# Particle 215
1 0.001125 0.00015 0.0 0.0542083 0.0580983 0.0 0
# Particle 216
1 0.001125 0.00015 0.0 0.0138876 0.0195581 0.0 0
# Particle 217
1 0.001125 0.00015 0.0 0.0180491 0.0005246 0.0 0
# Particle 218
1 0.001125 0.00015 0.0 0.0180491 0.0605246 0.0 0
# Particle 219
1 0.001125 0.00015 0.0 0.0548515 0.0153254 0.0 0
# Particle 220
1 0.001125 0.00015 0.0 0.0327212 0.0464389 0.0 0
# Particle 221
1 0.001125 0.00015 0.0 0.0193569 0.050475 0.0 0
# Particle 222
1 0.001125 0.00015 0.0 0.0325132 0.0351499 0.0 0
# Particle 223
1 0.001125 0.00015 0.0 0.0422781 0.0507715 0.0 0
# Particle 224
1 0.001125 0.00015 0.0 0.0476901 0.014961 0.0 0
# Particle 225
1 0.001125 0.00015 0.0 0.0535176 0.0345036 0.0 0
# Particle 226
1 0.001125 0.00015 0.0 0.0086587 0.0435385 0.0 0
# Particle 227
1 0.001125 0.00015 0.0 0.0279622 0.0009258 0.0 0
# Particle 228
1 0.001125 0.00015 0.0 0.0279622 0.0609258 0.0 0
# Particle 229
1 0.001125 0.00015 0.0 0.01855 0.024209 0.0 0
# Particle 230
1 0.001125 0.00015 0.0 0.0340295 0.0555935 0.0 0
# Particle 231
1 0.001125 0.00015 0.0 0.012751 0.0363543 0.0 0
# Particle 232
1 0.001125 0.00015 0.0 0.0023632 0.0466339 0.0 0
# Particle 233
1 0.001125 0.00015 0.0 0.000314 0.02738 0.0 0
# Particle 234
1 0.001125 0.00015 0.0 0.060314 0.02738 0.0 0
# Particle 235
1 0.001125 0.00015 0.0 0.0026509 0.0517509 0.0 0
# Particle 236
1 0.001125 0.00015 0.0 0.0431268 0.0230239 0.0 0
# Particle 237
1 0.001125 0.00015 0.0 0.0243313 0.0396568 0.0 0
# Particle 238
1 0.001125 0.00015 0.0 0.0341126 0.0416108 0.0 0
# Particle 239
1 0.001125 0.00015 0.0 0.0189771 0.0150679 0.0 0
# Particle 240
1 0.001125 0.00015 0.0 0.0395307 0.0073158 0.0 0
# Particle 241
1 0.001125 0.00015 0.0 0.0333994 0.0293365 0.0 0
# Particle 242
1 0.001125 0.00015 0.0 0.0069688 0.0365885 0.0 0
# Particle 243
1 0.001125 0.00015 0.0 0.0598406 0.0460315 0.0 0
# Particle 244
1 0.001125 0.00015 0.0 -0.0001594 0.0460315 0.0 0
# Particle 245
1 0.001125 0.00015 0.0 0.0557964 0.0210915 0.0 0
# Particle 246
1 0.001125 0.00015 0.0 0.0539942 0.0312711 0.0 0
# Particle 247
1 0.001125 0.00015 0.0 0.0278034 0.051672 0.0 0
# Particle 248
1 0.001125 0.00015 0.0 0.0173268 0.0073342 0.0 0
# Particle 249
1 0.001125 0.00015 0.0 0.0116348 0.0293244 0.0 0
# Particle 250
1 0.0011138 0.00015 0.0 0.0350649 0.0474928 0.0 0
# Particle 251
1 0.0011138 0.00015 0.0 0.0405174 0.0459675 0.0 0
# Particle 252
1 0.0011138 0.00015 0.0 0.0548075 0.0447979 0.0 0
# Particle 253
1 0.0011138 0.00015 0.0 0.0466579 0.0291825 0.0 0
# Particle 254
1 0.0011026 0.00015 0.0 0.0152171 0.0144803 0.0 0
# Particle 255
1 0.0010916 0.00015 0.0 0.0191378 0.0296698 0.0 0
# Particle 256
1 0.0010807 0.00015 0.0 0.0058209 0.0565452 0.0 0
# Particle 257
1 0.0010807 0.00015 0.0 0.0037032 0.0072849 0.0 0
# Particle 258
1 0.0010807 0.00015 0.0 0.0463304 0.0229627 0.0 0
# Particle 259
1 0.0010592 0.00015 0.0 0.0438539 0.0330164 0.0 0
# Particle 260
1 0.0010592 0.00015 0.0 0.0163978 0.0487869 0.0 0
# Particle 261
1 0.0010592 0.00015 0.0 0.0512137 0.022184 0.0 0
# Particle 262
1 0.0010592 0.00015 0.0 0.0332773 0.0269317 0.0 0
# Particle 263
1 0.0010486 0.00015 0.0 0.0046763 0.0308778 0.0 0
# Particle 264
1 0.0010486 0.00015 0.0 0.0112546 0.0230037 0.0 0
# Particle 265
1 0.0010486 0.00015 0.0 0.0470292 0.0015695 0.0 0
# Particle 266
1 0.0010381 0.00015 0.0 0.0123318 0.0080111 0.0 0
# Particle 267
1 0.0010381 0.00015 0.0 0.0510567 0.0243936 0.0 0
# Particle 268
1 0.0010381 0.00015 0.0 0.034663 0.0357063 0.0 0
# Particle 269
1 0.0010381 0.00015 0.0 0.0031392 0.0551547 0.0 0
# Particle 270
1 0.0010381 0.00015 0.0 0.0582334 0.0519368 0.0 0
# Particle 271
1 0.0010381 0.00015 0.0 0.0342806 0.0597857 0.0 0
# Particle 272
1 0.0010381 0.00015 0.0 0.0342806 -0.0002143 0.0 0
# Particle 273
1 0.0010277 0.00015 0.0 0.0020101 0.0030047 0.0 0
# Particle 274
1 0.0010277 0.00015 0.0 0.0453448 0.0179477 0.0 0
# Particle 275
1 0.0010277 0.00015 0.0 0.0238362 0.0144288 0.0 0
# Particle 276
1 0.0010277 0.00015 0.0 0.0467273 0.0416812 0.0 0
# Particle 277
1 0.0010277 0.00015 0.0 0.0092177 0.0133575 0.0 0
# Particle 278
1 0.0010073 0.00015 0.0 0.0136494 0.0560475 0.0 0
# Particle 279
1 0.000875 0.00015 0.0 0.0383608 0.0207597 0.0 0
# Particle 280
1 0.000875 0.00015 0.0 0.0155829 0.0443607 0.0 0
# Particle 281
1 0.000875 0.00015 0.0 0.0008824 0.0169521 0.0 0
# Particle 282
1 0.000875 0.00015 0.0 0.009178 0.0225405 0.0 0
# Particle 283
1 0.000875 0.00015 0.0 0.0445119 0.0573181 0.0 0
# Particle 284
1 0.000875 0.00015 0.0 0.039744 0.0122032 0.0 0
# Particle 285
1 0.000875 0.00015 0.0 0.0101883 0.0413642 0.0 0
# Particle 286
1 0.000875 0.00015 0.0 0.0206112 0.0113055 0.0 0
# Particle 287
1 0.000875 0.00015 0.0 0.0500214 0.0089952 0.0 0
# Particle 288
1 0.000875 0.00015 0.0 0.0530545 0.0514985 0.0 0
# Particle 289
1 0.000875 0.00015 0.0 0.0187675 0.0056815 0.0 0
# Particle 290
1 0.000875 0.00015 0.0 0.0488938 0.0554067 0.0 0
# Particle 291
1 0.000875 0.00015 0.0 0.0429203 0.0289876 0.0 0
# Particle 292
1 0.000875 0.00015 0.0 0.0567772 0.0229467 0.0 0
# Particle 293
1 0.000875 0.00015 0.0 0.0137782 0.0493745 0.0 0
# Particle 294
1 0.000875 0.00015 0.0 0.0009462 0.0411574 0.0 0
# Particle 295
1 0.000875 0.00015 0.0 0.0299193 0.0375765 0.0 0
# Particle 296
1 0.000875 0.00015 0.0 0.0568263 0.0170762 0.0 0
# Particle 297
1 0.000875 0.00015 0.0 0.0566006 0.0248056 0.0 0
# Particle 298
1 0.000875 0.00015 0.0 0.0176514 0.0562031 0.0 0
# Particle 299
1 0.000875 0.00015 0.0 0.0535785 0.0050677 0.0 0
# Particle 300
1 0.000875 0.00015 0.0 0.0288535 0.0110887 0.0 0
# Particle 301
1 0.000875 0.00015 0.0 0.0398998 0.0011224 0.0 0
# Particle 302
1 0.000875 0.00015 0.0 0.0259172 0.037307 0.0 0
# Particle 303
1 0.000875 0.00015 0.0 0.0528212 0.0207896 0.0 0
# Particle 304
1 0.000875 0.00015 0.0 0.0289658 0.016292 0.0 0
# Particle 305
1 0.000875 0.00015 0.0 0.0240718 0.005763 0.0 0
# Particle 306
1 0.000875 0.00015 0.0 0.003887 0.03352 0.0 0
# Particle 307
1 0.000875 0.00015 0.0 0.0398211 0.0178828 0.0 0
# Particle 308
1 0.000875 0.00015 0.0 0.0012085 0.0349795 0.0 0
# Particle 309
1 0.000875 0.00015 0.0 0.0366417 0.0302349 0.0 0
# Particle 310
1 0.000875 0.00015 0.0 0.049709 0.0500005 0.0 0
# Particle 311
1 0.000875 0.00015 0.0 0.0577722 0.0370254 0.0 0
# Particle 312
1 0.000875 0.00015 0.0 0.0066925 0.0299718 0.0 0
# Particle 313
1 0.000875 0.00015 0.0 0.0264465 0.0421805 0.0 0
# Particle 314
1 0.000875 0.00015 0.0 0.0049531 0.0429918 0.0 0
# Particle 315
1 0.000875 0.00015 0.0 0.0192737 0.036374 0.0 0
# Particle 316
1 0.000875 0.00015 0.0 0.0303609 0.0400688 0.0 0
# Particle 317
1 0.000875 0.00015 0.0 0.0328716 0.0520274 0.0 0
# Particle 318
1 0.000875 0.00015 0.0 0.0308045 0.0509589 0.0 0
# Particle 319
1 0.000875 0.00015 0.0 0.0092084 0.0454828 0.0 0
# Particle 320
1 0.000875 0.00015 0.0 0.0238477 0.0543084 0.0 0
# Particle 321
1 0.000875 0.00015 0.0 0.0293796 0.024928 0.0 0
# Particle 322
1 0.000875 0.00015 0.0 0.0223951 0.0332229 0.0 0
# Particle 323
1 0.0008662 0.00015 0.0 0.0029376 0.0390438 0.0 0
# Particle 324
1 0.0008662 0.00015 0.0 0.0448102 0.0446173 0.0 0
# Particle 325
1 0.0008576 0.00015 0.0 0.0489827 0.0468976 0.0 0
# Particle 326
1 0.0008576 0.00015 0.0 0.0064634 0.0587661 0.0 0
# Particle 327
1 0.0008576 0.00015 0.0 0.015031 0.0383595 0.0 0
# Particle 328
1 0.0008576 0.00015 0.0 0.0075149 0.0499355 0.0 0
# Particle 329
1 0.0008576 0.00015 0.0 0.0129221 0.0591062 0.0 0
# Particle 330
1 0.000849 0.00015 0.0 0.0169632 0.0459094 0.0 0
# Particle 331
1 0.0008405 0.00015 0.0 0.039106 0.0223253 0.0 0
# Particle 332
1 0.0008405 0.00015 0.0 0.0562132 0.0577045 0.0 0
# Particle 333
1 0.0008321 0.00015 0.0 0.0503029 0.0450951 0.0 0
# Particle 334
1 0.0008321 0.00015 0.0 0.0584416 0.055956 0.0 0
# Particle 335
1 0.0008321 0.00015 0.0 0.0188639 0.0549593 0.0 0
# Particle 336
1 0.0008321 0.00015 0.0 0.0520252 0.0379757 0.0 0
# Particle 337
1 0.0008321 0.00015 0.0 0.0566726 0.0355586 0.0 0
# Particle 338
1 0.0008238 0.00015 0.0 0.0476455 0.0367882 0.0 0
# Particle 339
1 0.0008238 0.00015 0.0 0.0380975 0.0016425 0.0 0
# Particle 340
1 0.0008156 0.00015 0.0 0.0093914 0.017648 0.0 0
# Particle 341
1 0.0008156 0.00015 0.0 0.0375987 0.015275 0.0 0
# Particle 342
1 0.0008156 0.00015 0.0 0.0420452 0.0447321 0.0 0
# Particle 343
1 0.0008156 0.00015 0.0 0.0073994 0.0035198 0.0 0
# Particle 344
1 0.0008156 0.00015 0.0 0.0481566 0.0509696 0.0 0
# Particle 345
1 0.0008156 0.00015 0.0 0.0573453 0.0386933 0.0 0
# Particle 346
1 0.0008156 0.00015 0.0 0.0149636 0.0334457 0.0 0
# Particle 347
1 0.0008156 0.00015 0.0 0.019563 0.052482 0.0 0
# Particle 348
1 0.0008074 0.00015 0.0 0.0502331 0.0384635 0.0 0
# Particle 349
1 0.0007913 0.00015 0.0 0.054548 0.0506935 0.0 0
# Particle 350
1 0.0007913 0.00015 0.0 0.0383605 0.0131825 0.0 0
# Particle 351
1 0.0007913 0.00015 0.0 0.0161732 0.0204142 0.0 0
# Particle 352
1 0.0007913 0.00015 0.0 0.0379767 0.0457504 0.0 0
# Particle 353
1 0.0007913 0.00015 0.0 0.0079384 0.0282072 0.0 0
# Particle 354
1 0.0007913 0.00015 0.0 0.0545025 0.0034532 0.0 0
# Particle 355
1 0.000625 0.00015 0.0 0.0533231 -0.000358 0.0 0
# Particle 356
1 0.000625 0.00015 0.0 0.0533231 0.059642 0.0 0
# Particle 357
1 0.000625 0.00015 0.0 0.0592757 0.0603962 0.0 0
# Particle 358
1 0.000625 0.00015 0.0 0.0592757 0.0003962 0.0 0
# Particle 359
1 0.000625 0.00015 0.0 0.0021475 0.0087946 0.0 0
# Particle 360
1 0.000625 0.00015 0.0 0.0495797 0.01372 0.0 0
# Particle 361
1 0.000625 0.00015 0.0 0.0567832 0.0113727 0.0 0
# Particle 362
1 0.000625 0.00015 0.0 0.0137029 0.0005358 0.0 0
# Particle 363
1 0.000625 0.00015 0.0 0.0137029 0.0605358 0.0 0
# Particle 364
1 0.000625 0.00015 0.0 0.0345604 0.0163568 0.0 0
# Particle 365
1 0.000625 0.00015 0.0 0.0202505 0.0232021 0.0 0
# Particle 366
1 0.000625 0.00015 0.0 0.0521505 0.0332412 0.0 0
# Particle 367
1 0.000625 0.00015 0.0 0.0000875 0.0565814 0.0 0
# Particle 368
1 0.000625 0.00015 0.0 0.0600875 0.0565814 0.0 0
# Particle 369
1 0.000625 0.00015 0.0 0.037781 0.0542711 0.0 0
# Particle 370
1 0.000625 0.00015 0.0 0.0120703 0.0248308 0.0 0
# Particle 371
1 0.000625 0.00015 0.0 0.0346657 0.0040479 0.0 0
# Particle 372
1 0.000625 0.00015 0.0 0.0389733 0.0286062 0.0 0
# Particle 373
1 0.000625 0.00015 0.0 0.0078725 0.0122049 0.0 0
# Particle 374
1 0.000625 0.00015 0.0 0.0413071 0.0353277 0.0 0
# Particle 375
1 0.000625 0.00015 0.0 0.0259589 0.0167571 0.0 0
# Particle 376
1 0.000625 0.00015 0.0 0.0375898 0.0244616 0.0 0
# Particle 377
1 0.000625 0.00015 0.0 0.0315084 0.0335114 0.0 0
# Particle 378
1 0.000625 0.00015 0.0 0.041022 0.0063254 0.0 0
# Particle 379
1 0.000625 0.00015 0.0 0.0353784 0.0246227 0.0 0
# Particle 380
1 0.000625 0.00015 0.0 0.0299655 0.0150751 0.0 0
# Particle 381
1 0.000625 0.00015 0.0 0.0191596 0.0187569 0.0 0
# Particle 382
1 0.000625 0.00015 0.0 0.0310105 0.0364173 0.0 0
# Particle 383
1 0.000625 0.00015 0.0 0.028222 0.0260061 0.0 0
# Particle 384
1 0.000625 0.00015 0.0 0.0018737 0.0130496 0.0 0
# Particle 385
1 0.000625 0.00015 0.0 0.0295686 0.0229476 0.0 0
# Particle 386
1 0.000625 0.00015 0.0 0.0447677 0.0068102 0.0 0
# Particle 387
1 0.000625 0.00015 0.0 0.024856 0.0342856 0.0 0
# Particle 388
1 0.000625 0.00015 0.0 0.0419981 0.0388335 0.0 0
# Particle 389
1 0.000625 0.00015 0.0 0.0095072 0.0024758 0.0 0
# Particle 390
1 0.000625 0.00015 0.0 0.0174312 0.0091217 0.0 0
# Particle 391
1 0.000625 0.00015 0.0 0.0452383 0.0126641 0.0 0
# Particle 392
1 0.000625 0.00015 0.0 0.0449627 0.049816 0.0 0
# Particle 393
1 0.000625 0.00015 0.0 0.0125155 0.050825 0.0 0
# Particle 394
1 0.000625 0.00015 0.0 0.0114042 0.0124296 0.0 0
# Particle 395
1 0.000625 0.00015 0.0 0.0282127 0.0028297 0.0 0
# Particle 396
1 0.000625 0.00015 0.0 0.0216438 0.0591226 0.0 0
# Particle 397
1 0.000625 0.00015 0.0 0.0456773 0.0398783 0.0 0
# Particle 398
1 0.000625 0.00015 0.0 0.035814 0.0098592 0.0 0
# Particle 399
1 0.000625 0.00015 0.0 0.0127996 0.0546199 0.0 0
# Particle 400
1 0.000625 0.00015 0.0 0.031815 0.0114056 0.0 0
# Particle 401
1 0.000625 0.00015 0.0 0.0583604 0.032734 0.0 0
# Particle 402
1 0.000625 0.00015 0.0 0.0351443 0.0296991 0.0 0
# Particle 403
1 0.000625 0.00015 0.0 0.0533423 0.0291201 0.0 0
# Particle 404
1 0.000625 0.00015 0.0 0.0495107 0.0151033 0.0 0
# Particle 405
1 0.000625 0.00015 0.0 0.0484177 0.0415979 0.0 0
# Particle 406
1 0.000625 0.00015 0.0 0.0335266 0.0051763 0.0 0
# Particle 407
1 0.000625 0.00015 0.0 0.0351496 0.0497515 0.0 0
# Particle 408
1 0.000625 0.00015 0.0 0.0474198 0.035332 0.0 0
# Particle 409
1 0.000625 0.00015 0.0 0.0423321 0.0134234 0.0 0
# Particle 410
1 0.000625 0.00015 0.0 0.0099605 0.0389996 0.0 0
# Particle 411
1 0.000625 0.00015 0.0 0.0247475 0.0042472 0.0 0
# Particle 412
1 0.000625 0.00015 0.0 0.0522601 0.0168534 0.0 0
# Particle 413
1 0.000625 0.00015 0.0 0.0056638 0.0196137 0.0 0
