coeff_of_restitution= 0   horizon_factor= 4.01
   1    0   24400   0    24400    122000
   2    0   24400   0    24400    122000
   3    0   24400   0    24400    122000
   4    0   24400   0    24400    122000
   5    0   24400   0    24400    122000
   6    0   24400   0    24400    122000
   7    0   24400   0    24400    122000
   8    0   24400   0    24400    122000
   9    0   24400   0    24400    122000
   10    0   24400   0    24400    122000
   11    0   24400   0    24400    122000
   12    0   24400   0    24400    122000
   13    0   24400   0    24400    122000
   14    0   24400   0    24400    122000
   15    0   24400   0    24400    122000
   16    0   24400   0    24400    122000
   17    0   24400   0    24400    122000
   18    0   24400   0    24400    122000
   19    0   24400   0    24400    122000
   20    0   24400   0    24400    122000
   21    0   24400   0    24400    122000
   22    0   24400   0    24400    122000
   23    0   24400   0    24400    122000
   24    0   24400   0    24400    122000
   25    0   24400   0    24400    122000
   26    0   24400   0    24400    122000
   27    0   24400   0    24400    122000
   28    0   24400   0    24400    122000
   29    0   24400   0    24400    122000
   30    0   24400   0    24400    122000
   31    0   24400   0    24400    122000
   32    0   24400   0    24400    122000
   33    0   24400   0    24400    122000
   34    0   24400   0    24400    122000
   35    0   24400   0    24400    122000
   36    0   24400   0    24400    122000
   37    0   24400   0    24400    122000
   38    0   24400   0    24400    122000
   39    0   24400   0    24400    122000
   40    0   24400   0    24400    122000
   41    0   24400   0    24400    122000
   42    0   24400   0    24400    122000
   43    0   24400   0    24400    122000
   44    0   24400   0    24400    122000
   45    0   24400   0    24400    122000
   46    0   24400   0    24400    122000
   47    0   24400   0    24400    122000
   48    0   24400   0    24400    122000
   49    0   24400   0    24400    122000
   50    0   24400   0    24400    122000
   51    0   24400   0    24400    122000
   52    0   24400   0    24400    122000
   53    0   24400   0    24400    122000
   54    0   24400   0    24400    122000
   55    0   24400   0    24400    122000
   56    0   24400   0    24400    122000
   57    0   24400   0    24400    122000
   58    0   24400   0    24400    122000
   59    0   24400   0    24400    122000
   60    0   24400   0    24400    122000
   61    0   24400   0    24400    122000
   62    0   24400   0    24400    122000
   63    0   24400   0    24400    122000
   64    0   24400   0    24400    122000
   65    0   24400   0    24400    122000
   66    0   24400   0    24400    122000
   67    0   24400   0    24400    122000
   68    0   24400   0    24400    122000
   69    0   24400   0    24400    122000
   70    0   24400   0    24400    122000
   71    0   24400   0    24400    122000
   72    0   24400   0    24400    122000
   73    0   24400   0    24400    122000
   74    0   24400   0    24400    122000
   75    0   24400   0    24400    122000
   76    0   24400   0    24400    122000
   77    0   24400   0    24400    122000
   78    0   24400   0    24400    122000
   79    0   24400   0    24400    122000
   80    0   24400   0    24400    122000
   81    0   24400   0    24400    122000
   82    0   24400   0    24400    122000
   83    0   24400   0    24400    122000
   84    0   24400   0    24400    122000
   85    0   24400   0    24400    122000
   86    0   24400   0    24400    122000
   87    0   24400   0    24400    122000
   88    0   24400   0    24400    122000
   89    0   24400   0    24400    122000
   90    0   24400   0    24400    122000
   91    0   24400   0    24400    122000
   92    0   24400   0    24400    122000
   93    0   24400   0    24400    122000
   94    0   24400   0    24400    122000
   95    0   24400   0    24400    122000
   96    0   24400   0    24400    122000
   97    0   24400   0    24400    122000
   98    0   24400   0    24400    122000
   99    0   24400   0    24400    122000
   100    0   24400   0    24400    122000
   101    0   24400   0    24400    122000
   102    0   24400   0    24400    122000
   103    0   24400   0    24400    122000
   104    0   24400   0    24400    122000
   105    0   24400   0    24400    122000
   106    0   24400   0    24400    122000
   107    0   24400   0    24400    122000
   108    0   24400   0    24400    122000
   109    0   24400   0    24400    122000
   110    0   24400   0    24400    122000
   111    0   24400   0    24400    122000
   112    0   24400   0    24400    122000
   113    0   24400   0    24400    122000
   114    0   24400   0    24400    122000
   115    0   24400   0    24400    122000
   116    0   24400   0    24400    122000
   117    0   24400   0    24400    122000
   118    0   24400   0    24400    122000
   119    0   24400   0    24400    122000
   120    0   24400   0    24400    122000
   121    0   24400   0    24400    122000
   122    0   24400   0    24400    122000
   123    0   24400   0    24400    122000
   124    0   24400   0    24400    122000
   125    0   24400   0    24400    122000
   126    0   24400   0    24400    122000
   127    0   24400   0    24400    122000
   128    0   24400   0    24400    122000
   129    0   24400   0    24400    122000
   130    0   24400   0    24400    122000
   131    0   24400   0    24400    122000
   132    0   24400   0    24400    122000
   133    0   24400   0    24400    122000
   134    0   24400   0    24400    122000
   135    0   24400   0    24400    122000
   136    0   24400   0    24400    122000
   137    0   24400   0    24400    122000
   138    0   24400   0    24400    122000
   139    0   24400   0    24400    122000
   140    0   24400   0    24400    122000
   141    0   24400   0    24400    122000
   142    0   24400   0    24400    122000
   143    0   24400   0    24400    122000
   144    0   24400   0    24400    122000
   145    0   24400   0    24400    122000
   146    0   24400   0    24400    122000
   147    0   24400   0    24400    122000
   148    0   24400   0    24400    122000
   149    0   24400   0    24400    122000
   150    0   24400   0    24400    122000
   151    0   24400   0    24400    122000
   152    0   24400   0    24400    122000
   153    0   24400   0    24400    122000
   154    0   24400   0    24400    122000
   155    0   24400   0    24400    122000
   156    0   24400   0    24400    122000
   157    0   24400   0    24400    122000
   158    0   24400   0    24400    122000
   159    0   24400   0    24400    122000
   160    0   24400   0    24400    122000
   161    0   24400   0    24400    122000
   162    0   24400   0    24400    122000
   163    0   24400   0    24400    122000
   164    0   24400   0    24400    122000
   165    0   24400   0    24400    122000
   166    0   24400   0    24400    122000
   167    0   24400   0    24400    122000
   168    0   24400   0    24400    122000
   169    0   24400   0    24400    122000
   170    0   24400   0    24400    122000
   171    0   24400   0    24400    122000
   172    0   24400   0    24400    122000
   173    0   24400   0    24400    122000
   174    0   24400   0    24400    122000
   175    0   24400   0    24400    122000
   176    0   24400   0    24400    122000
   177    0   24400   0    24400    122000
   178    0   24400   0    24400    122000
   179    0   24400   0    24400    122000
   180    0   24400   0    24400    122000
   181    0   24400   0    24400    122000
   182    0   24400   0    24400    122000
   183    0   24400   0    24400    122000
   184    0   24400   0    24400    122000
   185    0   24400   0    24400    122000
   186    0   24400   0    24400    122000
   187    0   24400   0    24400    122000
   188    0   24400   0    24400    122000
   189    0   24400   0    24400    122000
   190    0   24400   0    24400    122000
   191    0   24400   0    24400    122000
   192    0   24400   0    24400    122000
   193    0   24400   0    24400    122000
   194    0   24400   0    24400    122000
   195    0   24400   0    24400    122000
   196    0   24400   0    24400    122000
   197    0   24400   0    24400    122000
   198    0   24400   0    24400    122000
   199    0   24400   0    24400    122000
   200    0   24400   0    24400    122000
   201    0   24400   0    24400    122000
   202    0   24400   0    24400    122000
   203    0   24400   0    24400    122000
   204    0   24400   0    24400    122000
   205    0   24400   0    24400    122000
   206    0   24400   0    24400    122000
   207    0   24400   0    24400    122000
   208    0   24400   0    24400    122000
   209    0   24400   0    24400    122000
   210    0   24400   0    24400    122000
   211    0   24400   0    24400    122000
   212    0   24400   0    24400    122000
   213    0   24400   0    24400    122000
   214    0   24400   0    24400    122000
   215    0   24400   0    24400    122000
   216    0   24400   0    24400    122000
   217    0   24400   0    24400    122000
   218    0   24400   0    24400    122000
   219    0   24400   0    24400    122000
   220    0   24400   0    24400    122000
   221    0   24400   0    24400    122000
   222    0   24400   0    24400    122000
   223    0   24400   0    24400    122000
   224    0   24400   0    24400    122000
   225    0   24400   0    24400    122000
   226    0   24400   0    24400    122000
   227    0   24400   0    24400    122000
   228    0   24400   0    24400    122000
   229    0   24400   0    24400    122000
   230    0   24400   0    24400    122000
   231    0   24400   0    24400    122000
   232    0   24400   0    24400    122000
   233    0   24400   0    24400    122000
   234    0   24400   0    24400    122000
   235    0   24400   0    24400    122000
   236    0   24400   0    24400    122000
   237    0   24400   0    24400    122000
   238    0   24400   0    24400    122000
   239    0   24400   0    24400    122000
   240    0   24400   0    24400    122000
   241    0   24400   0    24400    122000
   242    0   24400   0    24400    122000
   243    0   24400   0    24400    122000
   244    0   24400   0    24400    122000
   245    0   24400   0    24400    122000
   246    0   24400   0    24400    122000
   247    0   24400   0    24400    122000
   248    0   24400   0    24400    122000
   249    0   24400   0    24400    122000
   250    0   24400   0    24400    122000
   251    0   24400   0    24400    122000
   252    0   24400   0    24400    122000
   253    0   24400   0    24400    122000
   254    0   24400   0    24400    122000
   255    0   24400   0    24400    122000
   256    0   24400   0    24400    122000
   257    0   24400   0    24400    122000
   258    0   24400   0    24400    122000
   259    0   24400   0    24400    122000
   260    0   24400   0    24400    122000
   261    0   24400   0    24400    122000
   262    0   24400   0    24400    122000
   263    0   24400   0    24400    122000
   264    0   24400   0    24400    122000
   265    0   24400   0    24400    122000
   266    0   24400   0    24400    122000
   267    0   24400   0    24400    122000
   268    0   24400   0    24400    122000
   269    0   24400   0    24400    122000
   270    0   24400   0    24400    122000
   271    0   24400   0    24400    122000
   272    0   24400   0    24400    122000
   273    0   24400   0    24400    122000
   274    0   24400   0    24400    122000
   275    0   24400   0    24400    122000
   276    0   24400   0    24400    122000
   277    0   24400   0    24400    122000
   278    0   24400   0    24400    122000
   279    0   24400   0    24400    122000
   280    0   24400   0    24400    122000
   281    0   24400   0    24400    122000
   282    0   24400   0    24400    122000
   283    0   24400   0    24400    122000
   284    0   24400   0    24400    122000
   285    0   24400   0    24400    122000
   286    0   24400   0    24400    122000
   287    0   24400   0    24400    122000
   288    0   24400   0    24400    122000
   289    0   24400   0    24400    122000
   290    0   24400   0    24400    122000
   291    0   24400   0    24400    122000
   292    0   24400   0    24400    122000
   293    0   24400   0    24400    122000
   294    0   24400   0    24400    122000
   295    0   24400   0    24400    122000
   296    0   24400   0    24400    122000
   297    0   24400   0    24400    122000
   298    0   24400   0    24400    122000
   299    0   24400   0    24400    122000
   300    0   24400   0    24400    122000
   301    0   24400   0    24400    122000
   302    0   24400   0    24400    122000
   303    0   24400   0    24400    122000
   304    0   24400   0    24400    122000
   305    0   24400   0    24400    122000
   306    0   24400   0    24400    122000
   307    0   24400   0    24400    122000
   308    0   24400   0    24400    122000
   309    0   24400   0    24400    122000
   310    0   24400   0    24400    122000
   311    0   24400   0    24400    122000
   312    0   24400   0    24400    122000
   313    0   24400   0    24400    122000
   314    0   24400   0    24400    122000
   315    0   24400   0    24400    122000
   316    0   24400   0    24400    122000
   317    0   24400   0    24400    122000
   318    0   24400   0    24400    122000
   319    0   24400   0    24400    122000
   320    0   24400   0    24400    122000
   321    0   24400   0    24400    122000
   322    0   24400   0    24400    122000
   323    0   24400   0    24400    122000
   324    0   24400   0    24400    122000
   325    0   24400   0    24400    122000
   326    0   24400   0    24400    122000
   327    0   24400   0    24400    122000
   328    0   24400   0    24400    122000
   329    0   24400   0    24400    122000
   330    0   24400   0    24400    122000
   331    0   24400   0    24400    122000
   332    0   24400   0    24400    122000
   333    0   24400   0    24400    122000
   334    0   24400   0    24400    122000
   335    0   24400   0    24400    122000
   336    0   24400   0    24400    122000
   337    0   24400   0    24400    122000
   338    0   24400   0    24400    122000
   339    0   24400   0    24400    122000
   340    0   24400   0    24400    122000
   341    0   24400   0    24400    122000
   342    0   24400   0    24400    122000
   343    0   24400   0    24400    122000
   344    0   24400   0    24400    122000
   345    0   24400   0    24400    122000
   346    0   24400   0    24400    122000
   347    0   24400   0    24400    122000
   348    0   24400   0    24400    122000
   349    0   24400   0    24400    122000
   350    0   24400   0    24400    122000
   351    0   24400   0    24400    122000
   352    0   24400   0    24400    122000
   353    0   24400   0    24400    122000
   354    0   24400   0    24400    122000
   355    0   24400   0    24400    122000
   356    0   24400   0    24400    122000
   357    0   24400   0    24400    122000
   358    0   24400   0    24400    122000
   359    0   24400   0    24400    122000
   360    0   24400   0    24400    122000
   361    0   24400   0    24400    122000
   362    0   24400   0    24400    122000
   363    0   24400   0    24400    122000
   364    0   24400   0    24400    122000
   365    0   24400   0    24400    122000
   366    0   24400   0    24400    122000
   367    0   24400   0    24400    122000
   368    0   24400   0    24400    122000
   369    0   24400   0    24400    122000
   370    0   24400   0    24400    122000
   371    0   24400   0    24400    122000
   372    0   24400   0    24400    122000
   373    0   24400   0    24400    122000
   374    0   24400   0    24400    122000
   375    0   24400   0    24400    122000
   376    0   24400   0    24400    122000
   377    0   24400   0    24400    122000
   378    0   24400   0    24400    122000
   379    0   24400   0    24400    122000
   380    0   24400   0    24400    122000
   381    0   24400   0    24400    122000
   382    0   24400   0    24400    122000
   383    0   24400   0    24400    122000
   384    0   24400   0    24400    122000
   385    0   24400   0    24400    122000
   386    0   24400   0    24400    122000
   387    0   24400   0    24400    122000
   388    0   24400   0    24400    122000
   389    0   24400   0    24400    122000
   390    0   24400   0    24400    122000
   391    0   24400   0    24400    122000
   392    0   24400   0    24400    122000
   393    0   24400   0    24400    122000
   394    0   24400   0    24400    122000
   395    0   24400   0    24400    122000
   396    0   24400   0    24400    122000
   397    0   24400   0    24400    122000
   398    0   24400   0    24400    122000
   399    0   24400   0    24400    122000
   400    0   24400   0    24400    122000
   401    0   24400   0    24400    122000
   402    0   24400   0    24400    122000
   403    0   24400   0    24400    122000
   404    0   24400   0    24400    122000
   405    0   24400   0    24400    122000
   406    0   24400   0    24400    122000
   407    0   24400   0    24400    122000
   408    0   24400   0    24400    122000
   409    0   24400   0    24400    122000
   410    0   24400   0    24400    122000
   411    0   24400   0    24400    122000
   412    0   24400   0    24400    122000
   413    0   24400   0    24400    122000
   414    0   24400   0    24400    122000
   415    0   24400   0    24400    122000
   416    0   24400   0    24400    122000
   417    0   24400   0    24400    122000
   418    0   24400   0    24400    122000
   419    0   24400   0    24400    122000
   420    0   24400   0    24400    122000
   421    0   24400   0    24400    122000
   422    0   24400   0    24400    122000
   423    0   24400   0    24400    122000
   424    0   24400   0    24400    122000
   425    0   24400   0    24400    122000
   426    0   24400   0    24400    122000
   427    0   24400   0    24400    122000
   428    0   24400   0    24400    122000
   429    0   24400   0    24400    122000
   430    0   24400   0    24400    122000
   431    0   24400   0    24400    122000
   432    0   24400   0    24400    122000
   433    0   24400   0    24400    122000
   434    0   24400   0    24400    122000
   435    0   24400   0    24400    122000
   436    0   24400   0    24400    122000
   437    0   24400   0    24400    122000
   438    0   24400   0    24400    122000
   439    0   24400   0    24400    122000
   440    0   24400   0    24400    122000
   441    0   24400   0    24400    122000
   442    0   24400   0    24400    122000
   443    0   24400   0    24400    122000
   444    0   24400   0    24400    122000
   445    0   24400   0    24400    122000
   446    0   24400   0    24400    122000
   447    0   24400   0    24400    122000
   448    0   24400   0    24400    122000
   449    0   24400   0    24400    122000
   450    0   24400   0    24400    122000
   451    0   24400   0    24400    122000
   452    0   24400   0    24400    122000
   453    0   24400   0    24400    122000
   454    0   24400   0    24400    122000
   455    0   24400   0    24400    122000
   456    0   24400   0    24400    122000
   457    0   24400   0    24400    122000
   458    0   24400   0    24400    122000
   459    0   24400   0    24400    122000
   460    0   24400   0    24400    122000
   461    0   24400   0    24400    122000
   462    0   24400   0    24400    122000
   463    0   24400   0    24400    122000
   464    0   24400   0    24400    122000
   465    0   24400   0    24400    122000
   466    0   24400   0    24400    122000
   467    0   24400   0    24400    122000
   468    0   24400   0    24400    122000
   469    0   24400   0    24400    122000
   470    0   24400   0    24400    122000
   471    0   24400   0    24400    122000
   472    0   24400   0    24400    122000
   473    0   24400   0    24400    122000
   474    0   24400   0    24400    122000
   475    0   24400   0    24400    122000
   476    0   24400   0    24400    122000
   477    0   24400   0    24400    122000
   478    0   24400   0    24400    122000
   479    0   24400   0    24400    122000
   480    0   24400   0    24400    122000
   481    0   24400   0    24400    122000
   482    0   24400   0    24400    122000
   483    0   24400   0    24400    122000
   484    0   24400   0    24400    122000
   485    0   24400   0    24400    122000
   486    0   24400   0    24400    122000
   487    0   24400   0    24400    122000
   488    0   24400   0    24400    122000
   489    0   24400   0    24400    122000
   490    0   24400   0    24400    122000
   491    0   24400   0    24400    122000
   492    0   24400   0    24400    122000
   493    0   24400   0    24400    122000
   494    0   24400   0    24400    122000
   495    0   24400   0    24400    122000
   496    0   24400   0    24400    122000
   497    0   24400   0    24400    122000
   498    0   24400   0    24400    122000
   499    0   24400   0    24400    122000
   500    0   24400   0    24400    122000
   501    0   24400   0    24400    122000
   502    0   24400   0    24400    122000
   503    0   24400   0    24400    122000
   504    0   24400   0    24400    122000
   505    0   24400   0    24400    122000
   506    0   24400   0    24400    122000
   507    0   24400   0    24400    122000
   508    0   24400   0    24400    122000
   509    0   24400   0    24400    122000
   510    0   24400   0    24400    122000
   511    0   24400   0    24400    122000
   512    0   24400   0    24400    122000
   513    0   24400   0    24400    122000
   514    0   24400   0    24400    122000
   515    0   24400   0    24400    122000
   516    0   24400   0    24400    122000
   517    0   24400   0    24400    122000
   518    0   24400   0    24400    122000
   519    0   24400   0    24400    122000
   520    0   24400   0    24400    122000
   521    0   24400   0    24400    122000
   522    0   24400   0    24400    122000
   523    0   24400   0    24400    122000
   524    0   24400   0    24400    122000
   525    0   24400   0    24400    122000
   526    0   24400   0    24400    122000
   527    0   24400   0    24400    122000
   528    0   24400   0    24400    122000
   529    0   24400   0    24400    122000
   530    0   24400   0    24400    122000
   531    0   24400   0    24400    122000
   532    0   24400   0    24400    122000
   533    0   24400   0    24400    122000
   534    0   24400   0    24400    122000
   535    0   24400   0    24400    122000
   536    0   24400   0    24400    122000
   537    0   24400   0    24400    122000
   538    0   24400   0    24400    122000
   539    0   24400   0    24400    122000
   540    0   24400   0    24400    122000
   541    0   24400   0    24400    122000
   542    0   24400   0    24400    122000
   543    0   24400   0    24400    122000
   544    0   24400   0    24400    122000
   545    0   24400   0    24400    122000
   546    0   24400   0    24400    122000
   547    0   24400   0    24400    122000
   548    0   24400   0    24400    122000
   549    0   24400   0    24400    122000
   550    0   24400   0    24400    122000
   551    0   24400   0    24400    122000
   552    0   24400   0    24400    122000
   553    0   24400   0    24400    122000
   554    0   24400   0    24400    122000
   555    0   24400   0    24400    122000
   556    0   24400   0    24400    122000
   557    0   24400   0    24400    122000
   558    0   24400   0    24400    122000
   559    0   24400   0    24400    122000
   560    0   24400   0    24400    122000
   561    0   24400   0    24400    122000
   562    0   24400   0    24400    122000
   563    0   24400   0    24400    122000
   564    0   24400   0    24400    122000
   565    0   24400   0    24400    122000
   566    0   24400   0    24400    122000
   567    0   24400   0    24400    122000
   568    0   24400   0    24400    122000
   569    0   24400   0    24400    122000
   570    0   24400   0    24400    122000
   571    0   24400   0    24400    122000
   572    0   24400   0    24400    122000
   573    0   24400   0    24400    122000
   574    0   24400   0    24400    122000
   575    0   24400   0    24400    122000
   576    0   24400   0    24400    122000
   577    0   24400   0    24400    122000
   578    0   24400   0    24400    122000
   579    0   24400   0    24400    122000
   580    0   24400   0    24400    122000
   581    0   24400   0    24400    122000
   582    0   24400   0    24400    122000
   583    0   24400   0    24400    122000
   584    0   24400   0    24400    122000
   585    0   24400   0    24400    122000
   586    0   24400   0    24400    122000
   587    0   24400   0    24400    122000
   588    0   24400   0    24400    122000
   589    0   24400   0    24400    122000
   590    0   24400   0    24400    122000
   591    0   24400   0    24400    122000
   592    0   24400   0    24400    122000
   593    0   24400   0    24400    122000
   594    0   24400   0    24400    122000
   595    0   24400   0    24400    122000
   596    0   24400   0    24400    122000
   597    0   24400   0    24400    122000
   598    0   24400   0    24400    122000
   599    0   24400   0    24400    122000
   600    0   24400   0    24400    122000
   601    0   24400   0    24400    122000
   602    0   24400   0    24400    122000
   603    0   24400   0    24400    122000
   604    0   24400   0    24400    122000
   605    0   24400   0    24400    122000
   606    0   24400   0    24400    122000
   607    0   24400   0    24400    122000
   608    0   24400   0    24400    122000
   609    0   24400   0    24400    122000
   610    0   24400   0    24400    122000
   611    0   24400   0    24400    122000
   612    0   24400   0    24400    122000
   613    0   24400   0    24400    122000
   614    0   24400   0    24400    122000
   615    0   24400   0    24400    122000
   616    0   24400   0    24400    122000
   617    0   24400   0    24400    122000
   618    0   24400   0    24400    122000
   619    0   24400   0    24400    122000
   620    0   24400   0    24400    122000
   621    0   24400   0    24400    122000
   622    0   24400   0    24400    122000
   623    0   24400   0    24400    122000
   624    0   24400   0    24400    122000
   625    0   24400   0    24400    122000
   626    0   24400   0    24400    122000
   627    0   24400   0    24400    122000
   628    0   24400   0    24400    122000
   629    0   24400   0    24400    122000
   630    0   24400   0    24400    122000
   631    0   24400   0    24400    122000
   632    0   24400   0    24400    122000
   633    0   24400   0    24400    122000
   634    0   24400   0    24400    122000
   635    0   24400   0    24400    122000
   636    0   24400   0    24400    122000
   637    0   24400   0    24400    122000
   638    0   24400   0    24400    122000
   639    0   24400   0    24400    122000
   640    0   24400   0    24400    122000
   641    0   24400   0    24400    122000
   642    0   24400   0    24400    122000
   643    0   24400   0    24400    122000
   644    0   24400   0    24400    122000
   645    0   24400   0    24400    122000
   646    0   24400   0    24400    122000
   647    0   24400   0    24400    122000
   648    0   24400   0    24400    122000
   649    0   24400   0    24400    122000
   650    0   24400   0    24400    122000
   651    0   24400   0    24400    122000
   652    0   24400   0    24400    122000
   653    0   24400   0    24400    122000
   654    0   24400   0    24400    122000
   655    0   24400   0    24400    122000
   656    0   24400   0    24400    122000
   657    0   24400   0    24400    122000
   658    0   24400   0    24400    122000
   659    0   24400   0    24400    122000
   660    0   24400   0    24400    122000
   661    0   24400   0    24400    122000
   662    0   24400   0    24400    122000
   663    0   24400   0    24400    122000
   664    0   24400   0    24400    122000
   665    0   24400   0    24400    122000
   666    0   24400   0    24400    122000
   667    0   24400   0    24400    122000
   668    0   24400   0    24400    122000
   669    0   24400   0    24400    122000
   670    0   24400   0    24400    122000
   671    0   24400   0    24400    122000
   672    0   24400   0    24400    122000
   673    0   24400   0    24400    122000
   674    0   24400   0    24400    122000
   675    0   24400   0    24400    122000
   676    0   24400   0    24400    122000
   677    0   24400   0    24400    122000
   678    0   24400   0    24400    122000
   679    0   24400   0    24400    122000
   680    0   24400   0    24400    122000
   681    0   24400   0    24400    122000
   682    0   24400   0    24400    122000
   683    0   24400   0    24400    122000
   684    0   24400   0    24400    122000
   685    0   24400   0    24400    122000
   686    0   24400   0    24400    122000
   687    0   24400   0    24400    122000
   688    0   24400   0    24400    122000
   689    0   24400   0    24400    122000
   690    0   24400   0    24400    122000
   691    0   24400   0    24400    122000
   692    0   24400   0    24400    122000
   693    0   24400   0    24400    122000
   694    0   24400   0    24400    122000
   695    0   24400   0    24400    122000
   696    0   24400   0    24400    122000
   697    0   24400   0    24400    122000
   698    0   24400   0    24400    122000
   699    0   24400   0    24400    122000
   700    0   24400   0    24400    122000
   701    0   24400   0    24400    122000
   702    0   24400   0    24400    122000
   703    0   24400   0    24400    122000
   704    0   24400   0    24400    122000
   705    0   24400   0    24400    122000
   706    0   24400   0    24400    122000
   707    0   24400   0    24400    122000
   708    0   24400   0    24400    122000
   709    0   24400   0    24400    122000
   710    0   24400   0    24400    122000
   711    0   24400   0    24400    122000
   712    0   24400   0    24400    122000
   713    0   24400   0    24400    122000
   714    0   24400   0    24400    122000
   715    0   24400   0    24400    122000
   716    0   24400   0    24400    122000
   717    0   24400   0    24400    122000
   718    0   24400   0    24400    122000
   719    0   24400   0    24400    122000
   720    0   24400   0    24400    122000
   721    0   24400   0    24400    122000
   722    0   24400   0    24400    122000
   723    0   24400   0    24400    122000
   724    0   24400   0    24400    122000
   725    0   24400   0    24400    122000
   726    0   24400   0    24400    122000
   727    0   24400   0    24400    122000
   728    0   24400   0    24400    122000
   729    0   24400   0    24400    122000
   730    0   24400   0    24400    122000
   731    0   24400   0    24400    122000
   732    0   24400   0    24400    122000
   733    0   24400   0    24400    122000
   734    0   24400   0    24400    122000
   735    0   24400   0    24400    122000
   736    0   24400   0    24400    122000
   737    0   24400   0    24400    122000
   738    0   24400   0    24400    122000
   739    0   24400   0    24400    122000
   740    0   24400   0    24400    122000
   741    0   24400   0    24400    122000
   742    0   24400   0    24400    122000
   743    0   24400   0    24400    122000
   744    0   24400   0    24400    122000
   745    0   24400   0    24400    122000
   746    0   24400   0    24400    122000
   747    0   24400   0    24400    122000
   748    0   24400   0    24400    122000
   749    0   24400   0    24400    122000
   750    0   24400   0    24400    122000
   751    0   24400   0    24400    122000
   752    0   24400   0    24400    122000
   753    0   24400   0    24400    122000
   754    0   24400   0    24400    122000
   755    0   24400   0    24400    122000
   756    0   24400   0    24400    122000
   757    0   24400   0    24400    122000
   758    0   24400   0    24400    122000
   759    0   24400   0    24400    122000
   760    0   24400   0    24400    122000
   761    0   24400   0    24400    122000
   762    0   24400   0    24400    122000
   763    0   24400   0    24400    122000
   764    0   24400   0    24400    122000
   765    0   24400   0    24400    122000
   766    0   24400   0    24400    122000
   767    0   24400   0    24400    122000
   768    0   24400   0    24400    122000
   769    0   24400   0    24400    122000
   770    0   24400   0    24400    122000
   771    0   24400   0    24400    122000
   772    0   24400   0    24400    122000
   773    0   24400   0    24400    122000
   774    0   24400   0    24400    122000
   775    0   24400   0    24400    122000
   776    0   24400   0    24400    122000
   777    0   24400   0    24400    122000
   778    0   24400   0    24400    122000
   779    0   24400   0    24400    122000
   780    0   24400   0    24400    122000
   781    0   24400   0    24400    122000
   782    0   24400   0    24400    122000
   783    0   24400   0    24400    122000
   784    0   24400   0    24400    122000
   785    0   24400   0    24400    122000
   786    0   24400   0    24400    122000
   787    0   24400   0    24400    122000
   788    0   24400   0    24400    122000
   789    0   24400   0    24400    122000
   790    0   24400   0    24400    122000
   791    0   24400   0    24400    122000
   792    0   24400   0    24400    122000
   793    0   24400   0    24400    122000
   794    0   24400   0    24400    122000
   795    0   24400   0    24400    122000
   796    0   24400   0    24400    122000
   797    0   24400   0    24400    122000
   798    0   24400   0    24400    122000
   799    0   24400   0    24400    122000
   800    0   24400   0    24400    122000
   801    0   24400   0    24400    122000
   802    0   24400   0    24400    122000
   803    0   24400   0    24400    122000
   804    0   24400   0    24400    122000
   805    0   24400   0    24400    122000
   806    0   24400   0    24400    122000
   807    0   24400   0    24400    122000
   808    0   24400   0    24400    122000
   809    0   24400   0    24400    122000
   810    0   24400   0    24400    122000
   811    0   24400   0    24400    122000
   812    0   24400   0    24400    122000
   813    0   24400   0    24400    122000
   814    0   24400   0    24400    122000
   815    0   24400   0    24400    122000
   816    0   24400   0    24400    122000
   817    0   24400   0    24400    122000
   818    0   24400   0    24400    122000
   819    0   24400   0    24400    122000
   820    0   24400   0    24400    122000
   821    0   24400   0    24400    122000
   822    0   24400   0    24400    122000
   823    0   24400   0    24400    122000
   824    0   24400   0    24400    122000
   825    0   24400   0    24400    122000
   826    0   24400   0    24400    122000
   827    0   24400   0    24400    122000
   828    0   24400   0    24400    122000
   829    0   24400   0    24400    122000
   830    0   24400   0    24400    122000
   831    0   24400   0    24400    122000
   832    0   24400   0    24400    122000
   833    0   24400   0    24400    122000
   834    0   24400   0    24400    122000
   835    0   24400   0    24400    122000
   836    0   24400   0    24400    122000
   837    0   24400   0    24400    122000
   838    0   24400   0    24400    122000
   839    0   24400   0    24400    122000
   840    0   24400   0    24400    122000
   841    0   24400   0    24400    122000
   842    0   24400   0    24400    122000
   843    0   24400   0    24400    122000
   844    0   24400   0    24400    122000
   845    0   24400   0    24400    122000
   846    0   24400   0    24400    122000
   847    0   24400   0    24400    122000
   848    0   24400   0    24400    122000
   849    0   24400   0    24400    122000
   850    0   24400   0    24400    122000
   851    0   24400   0    24400    122000
   852    0   24400   0    24400    122000
   853    0   24400   0    24400    122000
   854    0   24400   0    24400    122000
   855    0   24400   0    24400    122000
   856    0   24400   0    24400    122000
   857    0   24400   0    24400    122000
   858    0   24400   0    24400    122000
   859    0   24400   0    24400    122000
   860    0   24400   0    24400    122000
   861    0   24400   0    24400    122000
   862    0   24400   0    24400    122000
   863    0   24400   0    24400    122000
   864    0   24400   0    24400    122000
   865    0   24400   0    24400    122000
   866    0   24400   0    24400    122000
   867    0   24400   0    24400    122000
   868    0   24400   0    24400    122000
   869    0   24400   0    24400    122000
   870    0   24400   0    24400    122000
   871    0   24400   0    24400    122000
   872    0   24400   0    24400    122000
   873    0   24400   0    24400    122000
   874    0   24400   0    24400    122000
   875    0   24400   0    24400    122000
   876    0   24400   0    24400    122000
   877    0   24400   0    24400    122000
   878    0   24400   0    24400    122000
   879    0   24400   0    24400    122000
   880    0   24400   0    24400    122000
   881    0   24400   0    24400    122000
   882    0   24400   0    24400    122000
   883    0   24400   0    24400    122000
   884    0   24400   0    24400    122000
   885    0   24400   0    24400    122000
   886    0   24400   0    24400    122000
   887    0   24400   0    24400    122000
   888    0   24400   0    24400    122000
   889    0   24400   0    24400    122000
   890    0   24400   0    24400    122000
   891    0   24400   0    24400    122000
   892    0   24400   0    24400    122000
   893    0   24400   0    24400    122000
   894    0   24400   0    24400    122000
   895    0   24400   0    24400    122000
   896    0   24400   0    24400    122000
   897    0   24400   0    24400    122000
   898    0   24400   0    24400    122000
   899    0   24400   0    24400    122000
   900    0   24400   0    24400    122000
   901    0   24400   0    24400    122000
   902    0   24400   0    24400    122000
   903    0   24400   0    24400    122000
   904    0   24400   0    24400    122000
   905    0   24400   0    24400    122000
   906    0   24400   0    24400    122000
   907    0   24400   0    24400    122000
   908    0   24400   0    24400    122000
   909    0   24400   0    24400    122000
   910    0   24400   0    24400    122000
   911    0   24400   0    24400    122000
   912    0   24400   0    24400    122000
   913    0   24400   0    24400    122000
   914    0   24400   0    24400    122000
   915    0   24400   0    24400    122000
   916    0   24400   0    24400    122000
   917    0   24400   0    24400    122000
   918    0   24400   0    24400    122000
   919    0   24400   0    24400    122000
   920    0   24400   0    24400    122000
   921    0   24400   0    24400    122000
   922    0   24400   0    24400    122000
   923    0   24400   0    24400    122000
   924    0   24400   0    24400    122000
   925    0   24400   0    24400    122000
   926    0   24400   0    24400    122000
   927    0   24400   0    24400    122000
   928    0   24400   0    24400    122000
   929    0   24400   0    24400    122000
   930    0   24400   0    24400    122000
   931    0   24400   0    24400    122000
   932    0   24400   0    24400    122000
   933    0   24400   0    24400    122000
   934    0   24400   0    24400    122000
   935    0   24400   0    24400    122000
   936    0   24400   0    24400    122000
   937    0   24400   0    24400    122000
   938    0   24400   0    24400    122000
   939    0   24400   0    24400    122000
   940    0   24400   0    24400    122000
   941    0   24400   0    24400    122000
   942    0   24400   0    24400    122000
   943    0   24400   0    24400    122000
   944    0   24400   0    24400    122000
   945    0   24400   0    24400    122000
   946    0   24400   0    24400    122000
   947    0   24400   0    24400    122000
   948    0   24400   0    24400    122000
   949    0   24400   0    24400    122000
   950    0   24400   0    24400    122000
   951    0   24400   0    24400    122000
   952    0   24400   0    24400    122000
   953    0   24400   0    24400    122000
   954    0   24400   0    24400    122000
   955    0   24400   0    24400    122000
   956    0   24400   0    24400    122000
   957    0   24400   0    24400    122000
   958    0   24400   0    24400    122000
   959    0   24400   0    24400    122000
   960    0   24400   0    24400    122000
   961    0   24400   0    24400    122000
   962    0   24400   0    24400    122000
   963    0   24400   0    24400    122000
   964    0   24400   0    24400    122000
   965    0   24400   0    24400    122000
   966    0   24400   0    24400    122000
   967    0   24400   0    24400    122000
   968    0   24400   0    24400    122000
   969    0   24400   0    24400    122000
   970    0   24400   0    24400    122000
   971    0   24400   0    24400    122000
   972    0   24400   0    24400    122000
   973    0   24400   0    24400    122000
   974    0   24400   0    24400    122000
   975    0   24400   0    24400    122000
   976    0   24400   0    24400    122000
   977    0   24400   0    24400    122000
   978    0   24400   0    24400    122000
   979    0   24400   0    24400    122000
   980    0   24400   0    24400    122000
   981    0   24400   0    24400    122000
   982    0   24400   0    24400    122000
   983    0   24400   0    24400    122000
   984    0   24400   0    24400    122000
   985    0   24400   0    24400    122000
   986    0   24400   0    24400    122000
   987    0   24400   0    24400    122000
   988    0   24400   0    24400    122000
   989    0   24400   0    24400    122000
   990    0   24400   0    24400    122000
   991    0   24400   0    24400    122000
   992    0   24400   0    24400    122000
   993    0   24400   0    24400    122000
   994    0   24400   0    24400    122000
   995    0   24400   0    24400    122000
   996    0   24400   0    24400    122000
   997    0   24400   0    24400    122000
   998    0   24400   0    24400    122000
   999    0   24400   0    24400    122000
