-32.9138082038983  99.9132708705742  0
-35.3271945634694  87.9821724313879  0
-28.6014433139681  113.241846804308  0
-32.2198549632738  102.684083279607  0
-37.2498373341874  78.3154237777399  0
-32.6471514538554  101.002262579539  0
-21.4795468743969  120.6873586856  0
-38.4117779363424  70.2588472387326  0
-38.6364349463522  65.6603246403367  0
-39.0725417175047  62.9172592362052  0
-41.5474986009617  57.5174281320986  0
-43.9701680119825  54.9662506923113  0
-51.4400284044937  44.5959286656244  0
-51.5030835104828  44.4847932634192  0
-55.6763252975575  33.5971643311666  0
-16.841624298601  24.8923103180216  0
-55.8914518360462  31.0098936838331  0
-56.023194763808  28.325435543442  0
-56.2597007046645  19.1531214422256  0
-56.3448624826069  18.2376409603973  0
-56.5304468335804  16.8631803088373  0
-56.5992891155358  7.52385125732344  0
-51.1713783212824  1.45523260214521  0
-49.8620454935705  0.492492367387073  0
-42.2946861954122  -2.38897047707554  0
-36.1947112902057  -0.879504417433844  0
-28.959562981651  11.0845977744984  0
-20.9843316921479  20.89794642903  0
-16.6464615872937  29.3341966325499  0
-14.7774939000526  37.7159153325522  0
-10.9805951569749  44.6933203907652  0
-9.76620722894674  45.6940595125641  0
-5.33267346446021  48.7857833588394  0
4.64861185977379  54.3822305700929  0
14.1528333124126  60.8703769142428  0
22.9437031249758  71.1059629369917  0
27.6551431894359  76.5750111571871  0
30.7121590646376  87.8365802427785  0
2.3714267219687  70.5755456157728  0
-4.3312226086819  66.5419420184968  0
9.63640701989837  73.6547471525432  0
16.7426033241564  76.7344022366303  0
23.5402485389178  81.4823322108407  0
18.252933852964  77.5050382139078  0
-10.3159979972461  62.5516926060121  0
-15.173166334173  59.1454140609619  0
-19.1594758878415  56.8572004923577  0
-22.1800941562021  55.9717304186836  0
-23.6116726832922  56.155852443899  0
-25.5406860692989  58.8438299310741  0
-25.6635895270157  59.7372782340568  0
-25.4660891244154  64.4840212285265  0
-24.7380089595706  69.16317433013  0
-23.5966637267279  77.2832179051813  0
-23.2418437977589  85.7410015915041  0
-23.2985506027574  95.4848329749671  0
-23.1173260514506  104.616520265762  0
-22.0469910591038  112.17946522161  0
